0 0 0 0 0 0 0 0 1 1 0 1 0 0 0 0 1 0 0 0 0
1 1 1 0 0 1 1 0 1 1 1 1 1 1 0 0 1 1 0 0 0
2 0 0 0 0 0 0 0 0 0 0 0 0 0 1 1 0 0 0 1 1
3 0 0 1 0 1 2 0 0 0 0 1 0 0 0 0 1 0 0 0 0
4 0 0 0 0 0 0 0 0 0 0 1 0 0 1 0 1 0 0 0 0
5 0 1 1 0 0 1 0 0 0 1 0 1 0 0 1 0 0 0 0 1
6 0 0 0 0 0 1 0 0 0 0 0 0 1 0 1 0 1 0 0 0
7 1 0 0 0 0 0 0 1 1 0 0 0 0 0 0 0 1 0 0 0
8 0 0 0 0 0 0 0 0 0 0 1 0 0 1 1 1 0 0 1 0
9 1 1 1 0 1 1 0 0 0 1 2 1 1 0 0 2 0 0 0 0
10 0 0 0 0 0 2 0 0 0 0 0 0 0 0 0 0 0 0 1 0
11 1 1 1 1 1 1 1 1 1 1 0 1 1 0 1 0 1 1 0 0
12 1 0 0 1 0 0 1 0 0 0 1 0 1 0 2 1 2 2 1 1
13 0 0 0 0 0 0 0 0 0 0 0 0 1 1 1 0 2 0 1 1
14 1 0 0 0 0 0 0 0 0 0 0 0 0 0 1 0 0 0 0 2
15 0 0 0 0 0 0 0 1 0 0 0 0 0 1 0 0 0 0 2 0
16 1 0 0 0 0 0 0 0 0 0 0 0 1 0 0 0 1 0 0 0
17 1 1 1 0 1 1 0 1 1 1 0 1 1 1 0 0 1 0 1 0
18 0 1 1 0 1 1 0 0 0 1 0 1 0 1 1 0 0 0 1 1
19 0 0 0 0 0 0 0 0 0 0 0 0 0 0 1 0 0 0 0 2
20 0 1 0 0 1 1 0 1 1 1 1 0 0 1 1 1 0 0 2 0
21 0 0 0 0 0 0 0 1 1 0 0 0 0 0 0 0 0 1 0 0
22 1 0 0 0 0 0 0 0 0 0 0 0 0 0 1 0 0 0 0 1
23 1 1 1 1 1 1 1 1 1 1 1 1 1 1 1 1 1 1 1 1
24 0 0 0 0 0 0 0 0 0 0 0 0 0 1 0 0 0 0 2 0
25 0 1 1 0 1 1 0 2 1 1 0 1 0 0 0 0 0 0 0 0
27 1 0 0 1 0 1 1 0 0 0 0 0 0 0 0 0 0 0 0 0
29 1 0 1 0 0 0 0 0 0 0 0 0 1 0 0 0 0 1 0 0
30 1 0 0 1 0 0 1 0 0 0 1 0 1 2 1 2 1 1 1 1
31 0 1 1 0 1 1 0 1 1 1 0 1 0 0 0 0 0 0 0 0
32 1 0 0 1 0 0 1 0 1 0 1 0 1 1 1 1 1 1 2 1
33 0 1 0 0 0 0 0 0 0 0 0 1 0 0 1 0 0 0 0 1
34 0 1 1 0 0 1 0 0 0 1 0 2 0 0 0 0 0 0 0 0
35 1 2 1 1 1 1 1 0 0 1 1 1 1 1 1 1 1 1 1 1
36 1 0 0 0 0 0 0 0 0 0 1 0 1 1 1 1 2 0 1 0
37 0 0 0 0 0 0 0 0 0 0 0 0 0 1 1 0 0 0 2 1
38 0 0 0 0 0 1 0 0 0 0 1 0 0 2 1 1 0 0 1 2
39 1 0 1 0 1 0 1 0 0 0 2 0 1 1 2 1 1 1 2 2
40 0 0 1 0 0 0 0 0 0 0 0 0 0 1 0 0 0 0 1 0
41 0 0 0 0 0 0 0 0 0 0 0 0 0 1 0 0 0 0 1 0
42 0 0 0 0 0 0 0 0 0 0 0 0 0 0 1 0 0 0 0 1
43 0 1 1 0 1 1 0 0 0 1 0 1 0 0 0 0 0 0 0 0
44 0 1 0 0 1 0 0 2 2 1 0 0 1 0 0 0 0 0 0 0
45 1 0 1 0 1 0 0 0 0 0 0 0 1 1 0 0 1 1 1 0
46 1 1 1 0 1 1 0 1 1 1 0 1 1 0 0 0 1 1 0 0
47 0 0 0 0 0 0 0 0 0 0 0 0 0 0 0 0 0 2 0 0
48 0 2 0 0 1 1 0 1 1 1 0 1 0 0 0 0 0 0 0 0
49 0 1 0 0 0 0 2 0 0 1 0 1 0 0 0 0 0 0 0 0
50 2 2 2 2 2 2 2 2 2 2 2 2 2 2 2 2 2 2 2 2
52 0 0 0 1 0 0 0 0 0 0 0 0 0 0 0 0 0 1 0 0
53 0 0 0 0 0 0 0 0 0 0 1 0 0 1 1 1 0 0 1 1
54 1 0 2 1 1 1 1 0 1 1 1 1 1 2 1 1 2 1 2 1
55 1 0 0 0 0 2 0 0 0 0 1 0 0 0 0 1 0 0 0 1
56 0 1 1 0 1 1 1 1 1 1 1 1 0 0 0 0 0 0 0 0
57 0 0 1 0 1 1 0 0 0 0 0 0 0 1 0 0 0 0 1 0
58 0 2 0 0 1 1 0 1 2 1 0 1 0 0 0 0 0 0 0 0
59 0 1 1 0 1 1 0 0 0 1 1 1 0 1 1 1 0 1 1 1
60 0 0 0 0 0 0 0 0 0 0 0 0 0 1 0 0 0 0 0 0
61 1 0 0 1 0 0 1 1 1 0 1 1 0 1 1 1 2 0 2 1
62 1 0 0 0 0 0 0 0 0 0 0 0 0 0 0 0 1 0 0 0
63 1 1 0 1 0 0 1 0 0 2 1 1 1 1 1 1 1 1 1 1
64 0 0 0 0 1 0 0 0 0 0 0 0 0 0 0 0 0 0 0 0
65 1 0 0 0 0 0 0 0 0 0 0 0 0 0 0 0 0 0 0 0
66 0 0 1 0 1 2 0 0 0 0 0 0 0 0 0 0 0 0 0 0
67 0 0 1 0 1 0 0 1 1 0 0 0 0 0 0 0 0 0 1 0
68 1 0 0 0 0 0 0 0 0 0 0 0 0 0 0 0 0 0 0 0
69 0 0 0 0 0 0 0 0 0 0 0 0 0 0 2 0 0 0 0 2
70 1 0 0 0 0 0 0 0 0 0 0 0 1 0 0 0 2 0 0 0
71 1 1 1 1 1 1 1 1 1 1 0 1 1 1 0 0 1 1 1 0
72 1 0 1 0 1 0 0 0 0 0 0 0 1 0 1 0 0 0 0 1
73 0 0 0 0 0 0 0 0 0 0 1 0 0 1 1 2 0 0 1 1
74 0 0 0 0 0 0 0 0 0 0 1 0 0 0 1 0 0 0 0 1
75 1 1 2 0 1 1 0 1 1 0 0 2 0 0 0 0 0 0 0 0
76 1 0 0 1 0 0 2 1 1 0 1 0 1 2 1 1 1 1 1 1
77 0 2 2 0 2 2 0 2 2 2 0 2 0 0 0 0 0 0 0 0
79 2 0 0 0 0 0 0 0 0 0 0 0 0 0 0 0 0 0 0 0
80 0 1 1 0 1 2 0 0 0 1 0 1 0 1 1 0 0 0 1 1
81 1 0 0 0 0 0 0 0 0 1 0 0 1 0 0 0 1 0 0 0
82 0 0 0 0 0 0 0 0 0 0 0 0 1 0 0 0 0 1 0 0
83 1 0 0 0 0 0 0 0 0 0 0 0 1 0 0 0 1 0 0 0
84 0 0 0 0 0 2 0 0 1 0 0 0 0 0 1 0 0 0 0 2
85 1 0 0 1 0 0 1 0 0 0 0 0 1 0 0 0 1 0 0 0
86 1 0 0 0 0 0 0 0 0 0 0 0 1 1 0 0 1 0 1 0
87 2 1 0 1 1 0 1 0 1 1 0 1 1 1 2 0 1 2 1 0
88 0 0 0 0 0 0 0 1 1 0 0 0 0 1 0 0 0 0 1 0
90 1 0 0 1 0 0 1 0 0 0 1 0 1 1 1 1 1 1 1 1
91 1 0 0 2 0 0 0 0 0 0 1 0 2 1 0 1 1 1 2 0
92 0 0 0 1 0 0 2 1 1 0 0 0 0 0 0 0 0 0 0 0
93 1 0 0 1 0 0 1 0 0 0 1 0 1 1 1 1 1 1 1 1
94 1 2 1 2 1 2 1 1 1 1 1 1 1 2 1 1 2 1 1 2
95 1 0 1 0 1 2 0 0 0 0 1 0 1 1 1 1 0 0 1 1
96 1 0 0 0 0 0 0 0 0 0 0 0 1 0 0 0 0 0 0 0
98 0 0 0 0 0 0 0 0 0 0 0 0 0 0 1 0 0 0 1 0
99 1 1 1 1 1 1 1 0 0 1 0 1 1 0 0 0 1 1 0 0
100 0 1 2 0 0 2 0 0 0 2 1 0 0 1 1 1 0 1 2 1
101 1 0 0 0 0 0 0 0 1 0 0 0 0 0 0 0 0 0 0 0
102 2 2 2 2 2 2 2 2 2 2 2 2 2 2 2 2 2 2 2 2
103 1 0 0 1 0 1 1 0 0 0 0 0 1 0 0 0 0 1 0 0
104 0 0 0 0 0 0 0 1 2 0 0 0 0 2 0 0 0 2 0 0
105 0 0 0 0 0 0 0 0 0 0 0 0 0 0 1 0 0 0 0 1
106 1 0 0 1 0 0 1 1 1 0 2 0 1 2 1 1 1 1 1 1
107 0 0 1 0 1 1 0 1 1 1 0 1 0 0 0 0 0 0 0 0
108 0 0 0 0 0 0 0 0 0 0 0 0 1 0 0 0 1 0 0 0
109 0 1 1 0 1 1 0 0 0 1 0 1 0 0 0 0 0 0 0 0
110 0 0 1 0 1 0 0 0 0 0 0 0 0 0 0 0 0 0 1 0
111 1 0 0 0 0 0 0 0 0 0 0 0 1 1 0 0 2 0 0 0
113 0 0 0 0 0 0 0 0 0 0 0 0 0 0 2 0 0 0 0 1
114 1 1 1 1 1 1 1 1 1 1 1 1 1 1 1 1 1 1 1 1
115 1 0 0 1 0 0 1 0 0 0 1 0 2 1 1 2 1 1 1 2
117 0 1 1 0 1 1 0 0 0 1 0 1 0 0 0 0 0 0 0 0
118 0 0 0 0 0 0 0 0 0 0 1 0 0 0 0 1 0 0 0 0
119 1 1 2 0 1 1 0 2 1 1 0 1 1 0 2 0 0 1 0 1
120 0 0 0 0 0 0 0 0 0 0 0 0 0 1 2 0 0 0 2 1
121 0 1 2 0 1 1 0 1 1 1 0 1 1 0 1 0 1 0 0 1
122 0 0 0 1 0 0 2 0 0 0 2 0 0 2 0 1 0 0 1 0
123 0 0 0 0 0 0 0 0 0 0 1 0 0 1 1 1 0 0 1 1
124 0 1 1 0 1 1 0 0 0 1 0 1 0 0 0 0 0 0 0 0
125 1 1 1 0 2 0 0 0 1 1 0 1 0 0 0 0 1 0 0 0
126 0 1 1 0 1 1 0 1 1 1 0 1 0 0 0 0 0 0 0 0
127 1 0 0 0 0 1 0 0 0 0 0 0 1 0 0 0 1 1 0 0
128 0 0 0 0 0 0 0 0 0 0 0 0 2 0 0 0 0 0 0 0
129 0 1 1 0 0 1 0 1 1 1 0 0 0 0 0 0 0 0 0 0
130 2 0 1 1 0 0 2 0 0 1 1 1 0 1 0 1 1 1 1 1
131 1 0 0 1 0 1 1 0 0 0 1 0 1 1 0 0 1 1 1 1
132 0 0 0 0 0 0 0 0 0 0 0 0 0 0 1 0 0 0 0 1
133 0 0 0 0 0 0 0 1 2 0 0 0 0 0 0 0 0 0 0 0
134 1 2 1 0 2 1 0 0 0 2 0 1 1 0 0 0 1 0 0 0
135 0 0 0 0 0 0 0 0 0 0 0 0 0 0 1 0 0 0 0 1
136 1 0 0 0 0 0 0 0 0 0 0 0 2 0 0 0 1 0 0 0
137 1 0 0 0 0 0 0 0 0 0 1 0 1 1 1 1 1 0 1 1
138 0 2 1 0 1 1 0 0 0 1 0 1 0 0 0 0 0 0 0 0
139 0 2 1 0 1 1 0 1 1 1 0 1 0 0 0 0 0 0 0 0
140 2 0 0 0 0 0 0 0 0 0 0 0 1 0 0 0 1 1 0 0
141 0 0 0 0 0 0 0 0 2 0 0 0 0 2 0 0 0 0 1 0
142 0 0 1 0 1 1 0 1 1 0 0 0 0 0 0 0 0 0 0 0
143 0 0 1 0 1 1 0 1 0 0 0 0 0 0 0 0 0 0 0 0
144 1 1 1 1 1 1 1 2 1 2 0 1 0 0 0 0 0 0 0 0
145 2 0 0 1 0 0 0 1 1 0 0 0 1 0 0 0 1 1 0 0
146 0 0 1 0 1 0 0 0 0 0 0 0 0 0 0 0 0 0 0 0
147 0 0 2 0 1 1 0 0 0 0 0 0 0 0 0 0 0 0 0 0
149 0 0 0 0 0 0 0 0 0 0 0 0 1 0 0 0 1 0 0 0
150 0 1 1 0 1 1 0 1 1 1 0 1 0 0 0 0 0 0 0 0
151 2 1 1 0 1 1 0 1 1 1 2 1 2 2 2 2 2 2 2 2
152 0 0 0 0 1 0 0 0 0 0 0 0 2 0 0 0 1 1 0 0
153 0 0 1 0 0 0 0 0 0 0 0 0 0 0 0 0 0 0 0 0
155 0 0 0 0 0 0 0 0 0 0 0 0 2 0 0 0 1 0 0 0
157 0 0 0 0 0 0 0 0 1 0 0 0 0 0 0 0 0 0 0 0
158 1 1 1 0 1 1 0 1 1 1 1 1 1 1 1 1 1 0 1 1
159 1 0 0 1 0 0 0 0 0 0 1 0 1 0 1 1 0 1 1 0
160 0 2 0 0 2 1 0 1 1 1 0 1 0 0 0 0 0 0 0 0
161 0 0 1 0 1 0 0 0 0 0 0 0 0 0 0 0 0 0 0 0
162 2 1 1 1 0 1 1 1 0 1 0 1 1 0 0 0 2 1 0 0
163 0 0 0 0 0 0 0 0 0 0 2 0 0 0 1 1 0 0 0 1
164 0 0 0 0 0 0 0 0 0 0 0 0 2 1 2 0 1 2 1 2
165 0 1 1 0 1 1 0 0 0 1 0 1 0 0 0 0 0 0 0 0
166 1 0 0 0 0 1 1 0 0 0 1 0 1 1 1 1 1 1 1 1
168 1 1 1 1 1 1 1 1 1 1 1 1 1 1 1 1 1 1 1 1
169 1 1 2 0 1 1 0 1 1 0 1 1 1 0 0 1 1 0 0 1
171 0 1 0 1 0 0 1 0 0 1 2 1 0 1 1 1 1 1 1 1
172 0 0 0 0 0 0 0 0 0 0 0 0 0 0 0 0 1 0 0 0
173 1 0 1 0 1 1 0 0 0 0 0 0 1 0 0 0 1 0 0 0
174 0 0 1 0 1 1 0 0 0 0 0 0 0 0 0 0 0 0 0 1
176 0 0 0 0 0 0 0 0 0 0 1 0 0 0 0 1 0 0 0 1
177 1 2 1 0 1 1 0 0 0 1 0 1 1 0 0 0 1 1 0 0
178 0 0 0 2 0 0 2 0 0 0 0 0 0 0 0 0 0 0 0 0
179 0 0 0 0 0 1 0 0 0 0 1 0 0 0 0 0 0 0 0 0
180 1 0 0 1 0 0 1 1 1 0 2 0 1 1 1 1 1 1 1 1
181 0 0 0 0 0 0 0 0 0 0 0 0 0 0 0 0 0 1 0 0
182 0 0 1 0 1 1 0 0 0 0 0 0 0 0 0 0 0 0 0 0
183 0 0 0 0 0 1 0 0 0 0 0 0 0 0 0 0 0 0 1 0
184 0 1 1 0 1 1 0 0 0 1 0 1 0 0 0 0 0 0 0 0
185 0 0 0 0 0 0 0 0 0 0 2 0 0 1 1 1 0 0 1 1
186 0 1 1 1 1 1 1 0 0 1 1 1 1 0 0 1 1 1 1 1
187 1 0 0 0 0 0 0 0 0 0 1 0 1 0 0 0 1 0 0 0
188 1 2 2 0 1 0 0 1 1 1 0 1 1 0 2 0 1 0 0 2
189 1 1 0 0 1 1 0 2 1 1 0 1 1 0 1 0 1 0 0 0
190 1 1 2 0 0 2 0 1 1 1 0 1 1 0 0 0 1 0 0 0
191 0 0 0 0 0 0 0 0 0 0 1 0 0 0 0 1 0 1 0 0
192 0 0 2 0 1 1 0 0 1 0 0 0 0 0 0 0 0 1 0 0
193 0 0 0 0 0 0 0 0 0 0 0 0 0 1 1 1 0 0 1 1
194 1 1 1 0 1 1 0 1 1 1 0 1 1 1 1 0 1 0 1 1
195 0 1 1 0 1 0 0 2 1 1 0 0 0 0 0 0 0 0 0 0
196 0 0 1 0 0 1 0 1 1 1 1 1 0 1 0 1 0 0 0 1
197 1 0 0 2 0 1 1 0 0 0 1 0 1 1 1 2 1 1 1 1
198 0 1 0 0 1 1 0 1 2 1 0 1 0 0 0 0 0 0 0 0
199 1 1 1 1 1 1 1 1 1 1 0 1 1 0 0 0 1 1 0 0
200 0 0 1 0 1 0 0 0 0 0 0 0 0 0 1 0 0 0 0 1
201 0 0 0 0 0 0 0 1 1 0 0 0 0 1 0 0 0 0 1 0
202 0 0 0 0 0 0 0 1 1 0 0 0 0 0 0 0 0 0 0 0
203 0 0 0 0 0 0 0 0 0 0 0 0 0 0 1 0 0 0 0 0
204 1 1 1 0 1 1 0 0 0 1 0 1 0 0 0 0 0 0 0 0
205 0 1 1 0 1 0 0 0 0 2 0 1 0 0 0 0 0 0 0 0
206 0 0 0 0 0 0 0 0 0 0 0 0 0 1 0 0 0 0 1 0
208 0 0 0 0 0 0 0 0 0 1 0 1 0 0 1 0 0 0 0 1
209 1 0 0 0 0 0 0 0 0 0 0 0 1 0 0 0 1 1 0 0
210 1 0 0 0 1 0 0 0 0 1 0 0 0 1 1 1 0 0 1 1
211 0 0 1 0 1 0 1 0 0 0 0 0 1 0 0 0 1 1 0 0
213 0 2 1 0 1 1 0 0 0 1 0 1 0 0 0 0 0 0 0 0
214 1 0 0 0 0 0 0 0 0 0 0 0 1 0 0 0 1 0 0 0
215 0 0 0 1 1 0 2 0 0 0 0 0 0 0 0 0 0 1 0 0
216 1 0 1 2 1 0 1 1 0 0 1 0 0 1 1 1 2 1 0 1
217 0 1 1 0 0 1 0 0 0 1 2 2 0 0 0 1 0 0 0 0
218 0 1 0 0 1 1 0 1 1 1 1 1 0 0 1 1 0 0 0 1
219 0 1 1 0 1 1 0 1 1 1 1 1 0 0 1 1 0 1 0 1
220 0 0 0 0 0 0 0 0 0 0 0 0 0 0 2 0 0 0 1 2
221 0 0 1 0 0 1 0 0 0 0 0 0 0 0 0 0 0 0 0 0
222 2 2 2 2 2 2 2 2 2 2 2 2 2 2 2 2 2 2 2 2
223 1 0 0 0 0 0 0 0 0 0 1 0 1 1 1 1 1 0 1 1
224 1 0 0 1 0 0 0 0 0 0 0 0 0 0 0 0 0 0 0 0
225 1 0 0 1 0 1 1 1 1 0 0 0 1 2 0 0 1 1 1 0
226 1 1 0 0 0 0 0 0 0 1 0 0 1 0 0 0 1 0 0 0
227 1 0 0 1 0 0 1 0 0 0 1 0 1 2 2 1 1 1 0 1
228 0 1 0 0 0 0 0 0 0 1 0 2 0 0 0 0 0 1 0 0
229 0 0 0 0 0 0 0 0 0 0 0 0 1 0 0 0 1 0 0 0
230 1 0 0 1 0 0 0 1 1 0 1 0 1 0 2 1 1 1 1 1
231 0 1 1 0 1 1 0 1 1 0 0 1 0 0 0 0 0 0 0 0
232 1 0 1 0 1 0 0 0 0 0 0 0 0 0 0 0 0 0 0 0
233 2 1 1 0 1 1 1 0 0 1 1 1 1 1 1 1 1 1 1 1
234 0 0 0 1 0 0 1 1 0 0 0 0 0 0 0 0 0 0 0 0
235 1 0 0 0 0 0 0 0 0 0 1 0 0 0 0 1 0 0 0 0
236 0 0 0 0 0 0 0 0 0 0 0 0 0 2 0 0 0 0 1 0
237 0 0 0 0 0 0 0 0 0 0 0 0 0 0 0 0 0 1 0 0
238 0 0 0 0 0 0 0 0 0 0 1 0 0 1 2 1 0 0 2 1
239 1 1 1 0 1 1 0 1 1 1 0 0 0 0 0 0 0 0 0 0
240 2 2 1 0 1 0 0 0 1 1 0 1 2 0 0 0 2 0 0 0
242 0 0 0 0 0 0 0 1 1 0 1 0 1 0 0 0 1 0 0 0
243 0 1 0 0 0 0 0 0 0 1 0 0 0 0 0 0 0 0 0 0
244 1 0 0 1 0 0 1 0 0 0 1 0 1 1 1 1 2 0 1 1
245 1 1 0 0 0 0 0 0 0 1 0 1 0 0 2 0 0 0 0 1
246 0 0 1 0 1 0 0 0 0 0 0 0 0 1 1 0 0 0 1 1
248 1 0 0 0 1 1 0 0 0 0 0 0 1 0 0 0 1 1 0 0
249 1 1 1 0 1 1 0 1 1 1 0 1 0 0 0 0 1 0 0 0
250 0 0 0 0 0 0 0 0 0 0 1 0 0 1 0 0 0 0 0 0
251 0 0 2 0 1 2 0 1 0 0 0 0 0 0 0 0 0 0 0 0
252 0 1 0 0 0 0 0 0 0 1 0 0 0 0 0 0 0 0 0 0
253 0 1 0 0 0 0 0 0 0 0 0 0 0 0 0 0 0 0 0 0
254 0 0 0 0 0 2 0 0 0 0 0 0 0 0 0 0 0 0 0 0
255 0 1 1 0 1 2 0 1 1 1 0 1 0 0 2 0 0 0 0 1
258 2 0 0 0 0 0 0 0 0 0 0 0 0 0 0 0 0 0 0 0
260 0 0 0 0 1 1 0 0 0 0 0 0 0 1 0 0 0 0 0 0
261 1 0 0 1 0 0 1 0 0 0 0 0 1 0 0 0 0 1 0 0
264 0 0 0 0 0 0 0 1 1 0 0 0 0 1 0 0 0 0 1 0
265 1 0 0 0 0 0 0 1 1 0 1 0 0 0 1 1 0 0 0 0
266 0 1 0 0 0 0 0 0 0 1 0 1 0 0 0 0 0 0 0 0
267 1 0 0 0 0 0 0 0 0 0 1 0 1 1 1 2 1 0 2 1
268 1 0 0 1 0 0 1 0 0 0 1 0 1 1 1 1 1 1 1 1
270 1 1 1 0 1 1 0 1 1 1 1 1 0 1 1 1 0 0 1 1
271 1 0 0 1 0 0 1 0 0 0 1 0 1 1 1 1 1 1 1 1
272 0 1 0 1 0 0 2 0 0 1 1 1 0 1 1 1 1 1 0 1
274 1 0 0 0 0 1 0 0 0 0 0 0 1 0 0 0 1 1 0 0
275 1 0 2 0 1 0 0 0 0 0 0 0 0 0 1 0 0 0 0 1
276 0 0 1 0 1 1 0 0 0 0 0 0 0 1 0 0 0 0 1 0
278 0 0 1 0 1 0 0 0 0 0 0 0 0 0 0 0 0 0 0 0
279 0 1 1 0 1 1 0 1 1 1 1 1 0 0 0 1 0 0 0 0
280 1 1 1 0 1 1 1 1 1 1 0 1 0 0 0 0 1 1 0 0
281 2 0 0 0 0 0 0 0 0 0 0 0 2 0 0 0 2 0 0 0
282 0 0 1 0 1 1 0 0 0 1 1 1 0 0 0 1 0 0 0 0
283 1 0 0 0 0 0 0 0 2 0 1 0 1 2 0 1 1 1 1 2
284 1 1 1 0 1 1 0 0 0 1 0 1 2 0 0 0 0 0 0 0
285 0 0 0 0 0 0 0 0 0 0 0 0 1 0 0 0 1 0 0 0
286 0 0 0 0 0 1 0 0 0 0 0 0 0 2 0 0 0 0 0 0
287 0 0 0 0 0 0 0 1 1 0 2 0 0 0 0 1 0 0 0 0
289 1 0 0 0 0 1 0 2 1 0 0 0 0 2 1 1 0 0 1 1
290 2 2 2 2 2 2 2 2 2 2 2 2 2 2 2 2 2 2 2 2
291 1 0 0 1 0 0 1 0 0 0 1 0 1 1 1 1 1 1 1 1
292 0 2 2 0 2 2 0 1 1 2 0 2 0 0 1 0 0 0 1 1
293 0 0 1 0 1 0 0 0 1 1 0 1 0 0 0 0 0 0 0 0
294 1 1 2 1 1 1 1 0 0 1 1 1 1 0 1 1 1 1 1 0
295 0 1 1 0 1 1 0 1 0 1 0 1 0 0 1 0 0 0 0 1
296 1 0 0 1 0 0 1 0 0 0 1 0 1 1 1 1 1 1 1 1
298 0 0 2 0 1 1 0 0 1 0 0 0 0 0 0 0 1 0 0 0
299 1 1 0 1 0 0 1 0 0 0 0 0 1 0 0 0 1 1 0 0
300 1 0 1 0 1 0 0 0 0 0 0 0 0 1 1 0 0 0 1 1
301 0 0 0 0 0 0 0 0 1 0 0 0 0 1 0 0 0 0 2 0
302 0 0 0 0 0 0 0 0 1 0 0 0 0 0 1 0 0 1 0 2
303 1 1 1 1 1 1 1 1 1 1 0 1 1 0 0 0 1 1 0 0
304 0 0 0 0 0 0 0 0 0 0 1 0 0 1 1 1 0 0 1 1
305 0 0 0 0 0 0 0 0 0 0 0 0 0 0 0 0 0 0 0 2
306 0 0 0 0 0 0 0 1 2 0 1 0 0 0 0 1 0 0 0 0
307 0 0 0 0 0 0 0 0 0 0 0 0 0 0 1 0 0 0 0 1
308 0 1 1 0 1 1 0 0 0 1 0 1 0 0 0 0 0 0 0 0
310 1 0 0 0 0 1 0 1 0 0 1 0 0 1 1 2 1 1 1 1
311 1 0 1 0 1 0 0 0 0 0 1 0 1 2 0 1 1 0 0 0
312 1 1 1 0 1 1 0 1 1 1 0 1 1 0 0 0 2 0 0 0
313 1 0 0 1 0 1 1 0 0 0 1 0 1 0 0 1 2 1 0 0
315 0 0 0 0 0 0 0 0 0 0 0 0 0 0 1 0 0 0 0 1
316 0 0 0 0 0 0 0 1 1 0 1 0 0 0 0 2 0 0 0 0
317 0 1 1 0 1 1 0 0 0 2 0 1 0 0 0 0 0 0 0 0
318 0 1 1 0 2 1 0 1 1 1 0 1 0 0 0 0 0 0 0 0
319 0 0 0 1 2 0 1 0 0 0 0 0 1 0 0 0 1 1 0 0
321 0 0 0 0 0 0 0 0 0 0 1 0 0 0 1 2 0 1 0 1
322 1 0 1 1 0 0 0 1 0 0 0 0 1 0 0 0 1 1 0 0
323 1 0 0 0 0 0 0 0 0 0 0 0 0 0 0 0 0 0 0 0
324 0 1 0 0 0 0 0 0 0 1 0 0 0 0 0 0 0 0 0 0
325 0 0 0 0 0 0 0 2 1 0 0 0 0 0 0 0 0 0 0 0
326 0 0 0 0 0 0 0 1 1 0 2 0 2 1 1 2 1 0 1 1
327 0 1 0 0 0 0 0 0 0 1 0 1 0 1 0 0 0 0 1 0
328 0 0 0 0 0 1 0 0 0 0 1 0 0 0 0 1 0 0 0 1
330 1 0 0 0 0 0 0 0 0 0 0 0 2 0 0 0 1 1 0 0
331 0 0 0 0 0 0 0 0 0 0 1 0 0 0 0 1 0 0 0 0
334 0 0 0 0 0 0 0 0 1 0 0 0 1 1 0 0 1 0 1 0
335 0 0 0 0 0 0 0 0 0 0 1 0 0 0 0 1 0 0 0 0
336 1 1 1 0 2 1 0 0 0 1 0 1 0 0 0 0 0 1 0 0
337 1 1 1 0 1 0 0 0 0 0 0 0 1 0 0 0 1 0 0 0
338 0 0 0 0 0 0 0 0 0 0 0 0 0 0 0 2 0 0 0 0
339 0 0 0 0 0 0 0 0 0 0 0 0 0 0 1 0 0 0 0 1
340 0 0 0 0 0 0 0 1 1 0 0 0 0 0 0 0 0 0 0 0
341 1 0 0 0 0 0 0 0 0 0 0 0 2 0 0 0 1 1 0 0
342 0 0 0 2 0 0 1 0 0 0 0 0 1 0 0 0 1 1 0 0
343 1 1 0 0 1 1 0 0 0 1 0 1 0 0 0 0 0 0 0 0
344 0 0 0 0 0 0 0 0 0 0 1 0 0 1 1 1 0 0 1 1
345 1 1 1 0 1 1 0 0 0 1 0 1 0 0 0 0 0 1 0 0
346 0 0 0 0 0 1 0 0 0 0 0 0 0 0 0 0 0 0 0 0
347 1 1 0 0 0 0 0 0 0 1 0 0 1 1 1 0 1 0 1 1
349 0 0 1 0 1 1 0 0 0 0 0 0 0 0 0 0 0 0 0 0
350 0 1 1 0 1 1 0 1 0 1 0 1 0 1 0 0 0 0 0 0
352 0 1 1 0 1 1 0 1 1 1 0 1 0 1 1 0 0 0 1 1
354 1 1 1 0 2 1 2 1 0 1 1 1 1 1 1 1 1 1 1 1
355 1 0 0 1 0 0 1 0 0 0 0 0 1 0 1 0 1 1 0 1
356 0 0 0 0 0 0 0 0 0 0 0 0 0 0 1 0 0 0 1 1
357 1 0 1 0 1 0 1 1 1 0 1 0 0 2 1 1 1 1 2 1
358 0 1 1 0 1 1 0 1 1 1 0 1 0 0 0 0 0 0 0 0
360 0 0 1 0 1 1 0 2 2 0 2 0 0 0 0 1 0 0 0 0
361 0 0 0 0 0 0 0 1 0 0 1 0 0 0 0 1 1 0 0 0
362 0 0 0 0 0 0 0 0 0 0 1 0 0 0 0 1 0 0 0 0
363 1 0 0 1 0 0 1 0 0 0 0 0 0 0 0 0 1 1 0 0
364 1 0 0 0 0 0 0 1 2 0 0 0 0 2 1 0 0 0 1 0
365 0 0 1 0 0 1 0 0 0 0 0 0 0 0 0 0 0 0 0 0
366 1 0 0 1 0 0 1 0 0 0 1 0 1 1 1 1 1 1 1 1
367 0 0 0 0 0 0 0 0 1 0 0 0 0 0 0 0 0 0 0 0
368 0 0 1 0 1 0 0 0 0 0 0 0 0 0 0 0 0 0 0 1
369 0 0 1 0 2 1 0 0 0 0 0 0 0 0 1 0 0 0 0 1
370 0 0 0 0 0 0 0 0 0 0 0 0 0 1 0 0 0 0 0 0
371 0 0 1 0 1 1 0 0 0 0 0 0 1 1 1 2 1 0 1 0
372 0 0 1 0 1 1 0 0 0 1 0 1 0 1 1 0 0 0 1 1
373 0 1 1 0 1 1 0 1 1 1 0 1 0 0 0 0 0 0 0 0
374 0 0 0 0 0 1 0 0 0 0 0 0 1 0 0 0 1 1 1 0
375 1 0 0 0 0 0 0 1 1 0 0 0 1 0 0 0 1 0 0 0
377 0 0 0 0 0 0 0 0 0 0 1 0 0 2 0 1 0 0 1 1
378 1 0 0 0 0 0 0 0 1 0 0 0 0 0 0 0 0 0 0 0
379 0 1 1 0 1 1 0 1 1 1 1 1 0 0 0 1 0 0 0 0
380 0 0 0 0 0 0 0 1 1 0 0 0 0 0 0 0 0 0 0 0
383 2 0 0 1 0 0 1 0 0 0 2 0 2 1 1 1 1 1 1 1
384 1 0 0 1 1 0 1 1 1 0 0 0 1 0 1 0 1 2 0 1
385 1 0 0 0 0 0 0 0 0 0 0 0 0 0 0 0 1 1 0 0
386 0 0 0 0 0 0 0 0 0 0 0 0 0 1 0 0 0 0 1 0
387 0 0 0 0 0 0 0 1 0 0 0 0 0 1 0 0 0 0 1 0
388 0 0 0 1 0 0 2 1 1 0 0 0 1 0 0 0 1 1 0 0
389 0 2 1 0 1 1 0 0 0 2 0 2 0 0 0 0 0 0 0 0
390 0 0 0 0 0 0 0 1 0 0 0 0 0 0 0 0 0 0 0 0
391 1 1 0 0 0 0 0 0 0 0 1 0 1 0 1 1 1 0 0 1
392 0 0 0 0 0 0 0 0 0 0 0 0 0 0 0 0 0 1 0 0
393 1 0 1 1 1 1 0 0 1 0 1 0 2 1 1 1 2 1 0 1
394 0 0 0 0 0 0 1 0 0 0 2 0 0 1 1 1 0 0 1 1
395 1 0 0 1 0 0 1 2 2 0 1 0 1 1 1 1 1 2 1 1
396 0 1 2 0 1 2 0 0 0 1 0 1 0 0 0 0 0 0 0 0
397 1 0 0 0 0 0 0 0 0 0 0 0 0 0 0 0 0 0 0 0
398 1 1 1 0 1 1 0 1 1 2 0 1 1 0 0 0 1 0 0 0
400 2 2 1 0 1 1 0 0 0 1 0 1 1 0 0 0 1 0 0 0
401 0 1 0 0 0 0 0 0 0 1 0 1 0 0 0 0 1 0 0 0
402 1 0 0 0 0 0 0 0 0 0 0 0 2 0 0 0 2 0 0 0
404 2 2 2 2 2 2 2 2 2 2 2 2 2 2 2 2 2 2 2 2
405 0 1 2 0 1 0 0 0 0 1 0 0 0 0 0 1 0 0 0 0
406 0 0 0 0 0 0 0 0 0 0 0 0 2 0 0 0 0 0 0 0
407 0 0 1 0 2 1 0 1 1 0 0 0 0 0 0 0 0 0 0 0
409 0 0 0 0 0 0 0 0 0 1 0 0 0 1 2 0 0 0 1 2
410 1 0 0 0 0 0 0 0 0 0 1 0 1 2 1 1 1 0 2 1
412 0 0 0 0 0 2 0 0 0 0 1 0 0 0 0 1 0 0 1 0
413 0 0 0 0 0 0 0 0 0 0 1 0 0 1 1 1 0 0 1 1
414 0 0 1 0 1 0 0 0 0 0 0 0 0 0 0 0 0 0 0 0
415 1 0 0 0 0 0 0 1 0 0 1 0 0 0 0 1 0 0 0 0
416 1 0 0 0 0 0 0 0 0 0 0 0 1 0 0 0 0 1 0 0
417 1 1 0 1 0 0 1 0 0 0 0 0 1 0 0 0 1 1 0 0
418 0 0 0 0 0 0 0 0 0 0 0 0 0 1 0 0 0 0 1 0
420 0 0 1 0 0 0 0 0 0 1 0 0 0 0 0 0 0 2 0 0
421 2 0 0 0 0 0 0 0 0 0 1 0 2 1 1 1 2 0 1 1
422 0 0 1 0 1 0 0 0 1 0 0 0 0 0 0 0 0 0 0 0
423 2 2 2 2 2 2 2 2 2 2 2 2 2 2 2 2 2 2 2 2
424 2 0 1 1 1 1 2 0 0 0 1 0 1 1 1 1 1 1 1 1
425 0 0 1 0 0 1 0 0 0 0 1 0 0 1 1 1 0 0 1 1
426 1 1 1 1 1 0 1 0 0 1 1 1 0 2 1 1 2 1 1 1
427 1 0 1 1 1 1 1 0 0 0 1 0 1 1 1 1 1 1 1 1
428 1 0 0 2 0 0 1 0 0 0 1 0 1 1 1 2 1 1 1 1
429 0 0 2 0 1 0 0 1 1 1 0 1 0 0 0 0 0 0 0 0
430 1 0 0 0 0 0 0 1 1 0 1 0 1 0 0 1 1 0 0 0
431 1 0 0 1 0 0 1 0 0 0 0 0 1 0 0 0 0 1 0 0
432 1 1 1 1 1 1 1 1 1 1 1 1 1 1 1 1 1 1 1 1
433 0 1 0 0 1 1 0 0 0 1 1 1 1 1 2 0 1 0 1 1
434 0 0 0 0 0 0 0 0 0 0 0 0 0 0 1 0 0 0 0 0
435 0 1 1 0 1 2 0 1 1 1 1 1 0 0 0 1 0 0 0 0
436 0 1 1 0 1 1 0 0 0 1 0 1 0 0 0 0 0 0 0 0
437 0 1 1 0 1 1 0 1 1 1 1 1 0 0 0 1 0 0 0 0
438 0 0 0 0 0 0 1 0 0 0 0 0 0 1 0 0 0 0 1 0
439 0 0 1 0 0 1 0 0 0 0 0 0 1 0 0 0 1 0 0 0
440 0 0 0 0 0 0 0 0 0 0 1 0 0 0 1 1 0 0 0 1
441 0 0 0 2 0 0 1 0 0 1 1 0 0 0 0 1 0 0 0 0
442 0 1 1 0 1 1 0 0 0 1 1 1 0 1 1 1 0 0 1 1
443 1 1 1 1 1 1 1 1 1 1 1 1 1 1 1 1 1 1 1 1
444 0 0 1 0 1 0 0 0 0 0 1 0 0 0 1 1 0 0 0 1
445 1 0 1 0 1 0 0 0 0 0 0 0 0 0 0 0 0 0 0 0
446 1 0 0 0 0 0 0 0 0 0 0 0 0 0 0 0 0 0 0 0
447 1 0 0 1 0 0 1 0 0 0 0 0 1 1 1 0 1 1 1 0
448 0 0 0 0 0 0 0 0 0 0 1 0 0 1 1 1 0 0 1 1
449 1 0 0 0 0 0 0 0 0 0 1 0 1 0 1 1 1 0 0 0
451 0 2 0 0 1 2 0 1 0 1 0 1 0 2 2 1 0 0 1 1
452 0 0 0 0 0 0 0 0 0 0 0 0 0 0 1 0 0 0 0 1
454 0 0 0 0 0 0 0 0 0 0 0 0 1 0 1 0 2 0 0 1
455 1 0 1 0 0 1 0 0 0 0 0 0 0 0 0 0 0 0 1 0
456 1 0 0 1 0 0 1 0 2 0 1 0 1 1 1 1 1 1 1 1
457 0 0 1 0 1 1 0 0 0 0 0 0 0 0 0 0 0 0 0 0
459 0 1 1 0 1 1 0 1 1 2 0 1 0 0 0 0 0 0 0 0
460 1 2 1 2 1 0 0 0 0 1 1 1 1 1 1 1 1 1 1 2
461 0 0 0 0 0 0 0 0 0 0 0 0 0 1 0 0 0 0 1 0
462 0 0 0 0 0 0 0 1 1 0 0 0 0 0 1 0 0 0 0 1
463 0 1 0 1 1 0 1 1 1 1 0 1 0 0 0 0 0 0 1 0
464 1 1 1 1 1 1 1 0 0 1 1 1 1 1 1 1 1 1 1 1
465 1 0 0 1 0 0 1 0 0 0 2 0 1 0 1 1 1 0 0 1
466 0 1 1 0 1 1 0 0 0 1 0 1 0 0 1 0 0 2 0 1
467 0 0 0 0 0 0 0 0 0 0 0 0 0 0 0 1 0 0 0 0
468 1 0 0 1 0 0 2 0 0 0 0 0 1 2 1 1 1 1 1 1
469 0 0 0 0 0 0 0 1 1 0 1 0 0 0 0 0 0 0 0 0
470 0 0 0 0 0 1 0 0 0 0 0 0 0 0 0 0 0 0 0 0
471 1 1 1 0 1 1 0 0 0 1 0 1 1 1 0 0 1 1 1 0
472 1 1 1 1 2 1 1 0 0 1 0 0 1 0 0 0 1 1 0 0
473 0 0 0 0 0 0 0 0 0 0 0 0 1 0 1 0 1 0 0 1
474 2 2 2 2 2 2 2 2 2 2 2 2 2 2 2 2 2 2 2 2
475 0 0 0 1 0 0 1 0 0 0 0 0 0 0 0 0 0 0 0 0
476 1 0 0 0 0 0 0 0 0 0 1 0 1 0 0 0 1 0 0 0
477 0 2 1 0 1 1 0 1 1 1 0 1 0 1 0 0 0 0 1 0
480 0 0 0 0 0 0 0 0 0 0 1 0 0 0 1 1 0 0 1 1
481 0 0 1 0 1 0 0 0 1 0 0 0 0 0 0 0 0 0 0 0
482 1 0 0 1 0 1 1 0 0 0 1 0 1 1 1 1 1 1 1 1
483 1 0 0 0 0 0 0 0 0 0 1 0 1 1 1 1 1 1 1 1
485 0 1 1 0 1 1 0 0 0 1 0 1 0 0 0 0 0 0 0 0
487 1 0 0 0 0 0 0 0 0 0 0 0 1 0 0 0 1 0 0 0
488 1 0 0 1 0 0 0 0 0 0 0 0 1 0 0 0 1 0 0 0
489 0 0 0 0 0 0 0 0 0 0 2 0 0 1 0 2 0 0 1 0
490 0 0 0 0 0 0 0 0 0 0 1 0 0 0 0 0 0 0 0 0
491 0 0 0 0 0 0 0 0 0 0 0 0 2 1 0 0 1 0 0 0
492 1 0 0 0 0 1 0 0 0 0 0 0 1 0 0 0 1 0 0 0
493 1 1 1 1 1 1 1 1 1 1 1 1 1 1 1 1 1 1 1 1
494 2 2 2 2 2 2 2 2 2 2 2 2 2 2 2 2 2 2 2 2
496 0 0 0 0 0 0 0 0 0 0 0 0 0 0 1 0 0 0 1 2
497 0 0 0 0 0 0 0 0 0 0 1 0 0 1 1 1 0 0 1 1
498 0 0 0 0 0 0 0 1 1 0 0 0 0 0 0 0 0 0 0 0
499 1 0 0 0 0 1 0 0 0 0 0 0 1 0 0 0 0 0 0 0
